     0  4.3603225  50.8429716
     1  4.3596135  50.8426213
     2  4.3655646  50.8532044
     3  4.3655496  50.8530895
     4  4.3603893  50.8430921
     5  4.3605116  50.8430682
     6  4.3475496  50.8482176
     7  4.3468334  50.8480027
     8  4.3476892  50.8487907
     9  4.3456010  50.8487528
    10  4.3448631  50.8485407
    11  4.3436083  50.8482167
    12  4.3417197  50.8457015
    13  4.3421781  50.8452059
    14  4.3425928  50.8448037
    15  4.3462754  50.8450835
    16  4.3457912  50.8446211
    17  4.3653311  50.8431697
    18  4.3519792  50.8423185
    19  4.3530244  50.8427059
    20  4.3583357  50.8437897
    21  4.3585476  50.8436778
    22  4.3540247  50.8415919
    23  4.3540821  50.8418097
    24  4.3591298  50.8425031
    25  4.3585999  50.8428267
    26  4.3543978  50.8433214
    27  4.3548858  50.8435781
    28  4.3542285  50.8434683
    29  4.3528288  50.8428537
    30  4.3623573  50.8468676
    31  4.3615513  50.8470379
    32  4.3518777  50.8414969
    33  4.3528320  50.8414332
    34  4.3530205  50.8414265
    35  4.3389602  50.8505222
    36  4.3400147  50.8515564
    37  4.3416264  50.8532476
    38  4.3433713  50.8530422
    39  4.3496739  50.8501805
    40  4.3484394  50.8505713
    41  4.3607456  50.8483912
    42  4.3608856  50.8476220
    43  4.3503910  50.8508826
    44  4.3505360  50.8508375
    45  4.3392961  50.8456619
    46  4.3395447  50.8453930
    47  4.3530822  50.8444446
    48  4.3532146  50.8445599
    49  4.3531858  50.8446675
    50  4.3528068  50.8447767
    51  4.3526581  50.8446485
    52  4.3550705  50.8453096
    53  4.3533335  50.8493631
    54  4.3539451  50.8491145
    55  4.3495762  50.8493339
    56  4.3509761  50.8506953
    57  4.3568635  50.8496386
    58  4.3553358  50.8500129
    59  4.3522509  50.8453864
    60  4.3540958  50.8437822
    61  4.3531752  50.8443282
    62  4.3513475  50.8430302
    63  4.3510668  50.8427949
    64  4.3503283  50.8415191
    65  4.3510977  50.8419936
    66  4.3516959  50.8424582
    67  4.3508466  50.8422368
    68  4.3557168  50.8455328
    69  4.3547903  50.8461260
    70  4.3553528  50.8443596
    71  4.3563805  50.8445735
    72  4.3555684  50.8440149
    73  4.3560089  50.8471726
    74  4.3570824  50.8476907
    75  4.3580844  50.8471607
    76  4.3586288  50.8476776
    77  4.3587151  50.8480626
    78  4.3581025  50.8483025
    79  4.3579460  50.8483685
    80  4.3568029  50.8489137
    81  4.3558128  50.8486182
    82  4.3571879  50.8477347
    83  4.3602402  50.8474390
    84  4.3586920  50.8464857
    85  4.3587869  50.8465136
    86  4.3597210  50.8474465
    87  4.3599512  50.8458155
    88  4.3602312  50.8463433
    89  4.3602753  50.8468263
    90  4.3617819  50.8476021
    91  4.3647558  50.8474816
    92  4.3651078  50.8481609
    93  4.3609590  50.8494720
    94  4.3624957  50.8477173
    95  4.3621918  50.8488391
    96  4.3618477  50.8512955
    97  4.3610990  50.8504021
    98  4.3459455  50.8469945
    99  4.3457394  50.8478556
   100  4.3437081  50.8480236
   101  4.3456571  50.8478094
   102  4.3490103  50.8495515
   103  4.3489363  50.8494897
   104  4.3492961  50.8510613
   105  4.3493474  50.8507991
   106  4.3504414  50.8509933
   107  4.3497317  50.8511063
   108  4.3507812  50.8515970
   109  4.3503005  50.8516893
   110  4.3500264  50.8523158
   111  4.3483503  50.8518740
   112  4.3497848  50.8524148
   113  4.3427675  50.8487787
   114  4.3425632  50.8483859
   115  4.3434061  50.8494434
   116  4.3434377  50.8478503
   117  4.3425439  50.8477003
   118  4.3444403  50.8470832
   119  4.3443336  50.8470208
   120  4.3468553  50.8469201
   121  4.3479490  50.8476369
   122  4.3479110  50.8466702
   123  4.3474428  50.8467856
   124  4.3475221  50.8447100
   125  4.3479167  50.8450559
   126  4.3480404  50.8450900
   127  4.3486406  50.8450017
   128  4.3495135  50.8446344
   129  4.3604083  50.8508040
   130  4.3588705  50.8514011
   131  4.3591436  50.8499788
   132  4.3575411  50.8504252
   133  4.3609346  50.8455739
   134  4.3391343  50.8449112
   135  4.3398201  50.8451006
   136  4.3408270  50.8532647
   137  4.3409138  50.8532595
   138  4.3534755  50.8527987
   139  4.3532048  50.8523272
   140  4.3525245  50.8508569
   141  4.3521117  50.8545544
   142  4.3536346  50.8541045
   143  4.3551786  50.8500580
   144  4.3559479  50.8509221
   145  4.3414647  50.8530869
   146  4.3423986  50.8527354
   147  4.3433980  50.8522867
   148  4.3439844  50.8518999
   149  4.3447718  50.8513276
   150  4.3480231  50.8489467
   151  4.3509849  50.8520773
   152  4.3505717  50.8522782
   153  4.3507103  50.8524662
   154  4.3500585  50.8532547
   155  4.3499455  50.8527759
   156  4.3497349  50.8526130
   157  4.3476509  50.8528798
   158  4.3507880  50.8531907
   159  4.3507578  50.8530641
   160  4.3471097  50.8536542
   161  4.3508215  50.8533364
   162  4.3515319  50.8532756
   163  4.3489083  50.8511177
   164  4.3469974  50.8538007
   165  4.3520203  50.8523152
   166  4.3511635  50.8524814
   167  4.3516393  50.8535038
   168  4.3528058  50.8530679
   169  4.3523171  50.8526529
   170  4.3451176  50.8529265
   171  4.3450164  50.8538457
   172  4.3460126  50.8537649
   173  4.3455437  50.8528192
   174  4.3465305  50.8536827
   175  4.3468619  50.8532209
   176  4.3465721  50.8513765
   177  4.3477594  50.8519308
   178  4.3461914  50.8520434
   179  4.3472611  50.8526462
   180  4.3458934  50.8525822
   181  4.3449966  50.8514377
   182  4.3453051  50.8524863
   183  4.3453213  50.8543821
   184  4.3460371  50.8540938
   185  4.3389386  50.8454759
   186  4.3384819  50.8466554
   187  4.3429361  50.8495445
   188  4.3432631  50.8511275
   189  4.3437719  50.8517587
   190  4.3409834  50.8487412
   191  4.3389682  50.8491878
   192  4.3401741  50.8472831
   193  4.3404716  50.8478484
   194  4.3402243  50.8473658
   195  4.3459111  50.8452364
   196  4.3453885  50.8453223
   197  4.3437950  50.8451561
   198  4.3434133  50.8453193
   199  4.3566638  50.8447667
   200  4.3558241  50.8424451
   201  4.3474633  50.8412895
   202  4.3478354  50.8415084
   203  4.3465012  50.8415819
   204  4.3470769  50.8422032
   205  4.3479744  50.8432447
   206  4.3593432  50.8443772
   207  4.3595568  50.8450528
   208  4.3382612  50.8475643
   209  4.3383270  50.8470915
   210  4.3382246  50.8483983
   211  4.3385828  50.8483823
   212  4.3382073  50.8481752
   213  4.3390597  50.8493787
   214  4.3395581  50.8503490
   215  4.3388694  50.8489863
   216  4.3383073  50.8490971
   217  4.3385263  50.8494985
   218  4.3414142  50.8495961
   219  4.3419045  50.8502762
   220  4.3429176  50.8511981
   221  4.3439967  50.8508899
   222  4.3407244  50.8513000
   223  4.3427922  50.8512035
   224  4.3406620  50.8501203
   225  4.3406332  50.8500801
   226  4.3414093  50.8520359
   227  4.3423704  50.8521213
   228  4.3432828  50.8519058
   229  4.3444450  50.8511356
   230  4.3450520  50.8508297
   231  4.3452849  50.8509506
   232  4.3444920  50.8505388
   233  4.3458447  50.8496745
   234  4.3412701  50.8475152
   235  4.3426367  50.8460274
   236  4.3393751  50.8442502
   237  4.3395623  50.8442806
   238  4.3432510  50.8421936
   239  4.3428007  50.8424533
   240  4.3421501  50.8428219
   241  4.3412314  50.8433233
   242  4.3399459  50.8429276
   243  4.3438145  50.8432964
   244  4.3441970  50.8436223
   245  4.3448222  50.8437033
   246  4.3439257  50.8441347
   247  4.3438800  50.8441579
   248  4.3432514  50.8444588
   249  4.3433937  50.8440242
   250  4.3445563  50.8434423
   251  4.3422856  50.8446454
   252  4.3445739  50.8446746
   253  4.3448491  50.8448927
   254  4.3450075  50.8444807
   255  4.3453844  50.8442455
   256  4.3473471  50.8447749
   257  4.3463048  50.8437636
   258  4.3453711  50.8430330
   259  4.3456786  50.8428787
   260  4.3487119  50.8431164
   261  4.3462920  50.8425747
   262  4.3472279  50.8432939
   263  4.3485858  50.8415193
   264  4.3514571  50.8425870
   265  4.3462456  50.8455393
   266  4.3461921  50.8454911
   267  4.3477057  50.8454593
   268  4.3468946  50.8452775
   269  4.3511385  50.8466749
   270  4.3516904  50.8460947
   271  4.3581210  50.8508594
   272  4.3595473  50.8519192
   273  4.3583052  50.8522042
   274  4.3581763  50.8522136
   275  4.3572100  50.8522403
   276  4.3584482  50.8534642
   277  4.3586943  50.8534385
   278  4.3601210  50.8528905
   279  4.3616567  50.8524012
   280  4.3610122  50.8515320
   281  4.3645367  50.8508177
   282  4.3649857  50.8507258
   283  4.3661367  50.8504912
   284  4.3639330  50.8510030
   285  4.3634618  50.8504740
   286  4.3661519  50.8495227
   287  4.3650219  50.8488376
   288  4.3635017  50.8478402
   289  4.3654997  50.8522729
   290  4.3651885  50.8523391
   291  4.3653144  50.8523133
   292  4.3669523  50.8509735
   293  4.3671737  50.8511208
   294  4.3619647  50.8512692
   295  4.3621256  50.8514763
   296  4.3656808  50.8530372
   297  4.3644193  50.8508490
   298  4.3637117  50.8492150
   299  4.3635946  50.8492451
   300  4.3628528  50.8476640
   301  4.3628932  50.8476607
   302  4.3569572  50.8449664
   303  4.3585928  50.8440326
   304  4.3641637  50.8536068
   305  4.3634057  50.8538190
   306  4.3631789  50.8537618
   307  4.3653845  50.8524455
   308  4.3658432  50.8528686
   309  4.3671766  50.8524920
   310  4.3649435  50.8424401
   311  4.3592835  50.8419668
   312  4.3522948  50.8421705
   313  4.3489890  50.8463708
   314  4.3527467  50.8446244
   315  4.3525947  50.8446568
   316  4.3547366  50.8437055
   317  4.3364998  50.8514383
   318  4.3384745  50.8526204
   319  4.3385361  50.8529522
   320  4.3386042  50.8534284
   321  4.3388596  50.8545445
   322  4.3412324  50.8536923
   323  4.3540688  50.8414259
   324  4.3547306  50.8429487
   325  4.3546161  50.8433436
   326  4.3394564  50.8431417
   327  4.3391593  50.8430967
   328  4.3383469  50.8425582
   329  4.3374403  50.8437161
   330  4.3369976  50.8442895
   331  4.3352506  50.8459537
   332  4.3365397  50.8463661
   333  4.3379869  50.8465787
   334  4.3382085  50.8458046
   335  4.3388314  50.8439209
   336  4.3584297  50.8460159
   337  4.3569981  50.8459019
   338  4.3599041  50.8474197
   339  4.3522070  50.8441662
   340  4.3527179  50.8445712
   341  4.3609177  50.8470704
   342  4.3618474  50.8491067
   343  4.3611015  50.8501832
   344  4.3586535  50.8461474
   345  4.3592438  50.8433177
   346  4.3577137  50.8463759
   347  4.3571165  50.8465159
   348  4.3589727  50.8458064
   349  4.3444897  50.8469125
   350  4.3461305  50.8458913
   351  4.3470277  50.8477060
   352  4.3465535  50.8463845
   353  4.3387570  50.8541402
   354  4.3389516  50.8549070
   355  4.3391519  50.8554343
   356  4.3534206  50.8404249
   357  4.3538616  50.8414077
   358  4.3522336  50.8437631
   359  4.3521338  50.8439341
   360  4.3518816  50.8440761
   361  4.3610539  50.8468035
   362  4.3648626  50.8422950
   363  4.3592721  50.8424881
   364  4.3511380  50.8546933
   365  4.3573943  50.8476225
   366  4.3586255  50.8466231
   367  4.3572226  50.8477159
   368  4.3489569  50.8438973
   369  4.3514560  50.8441082
   370  4.3498213  50.8449713
   371  4.3515079  50.8431720
   372  4.3539213  50.8414439
   373  4.3513953  50.8529811
   374  4.3504214  50.8523589
   375  4.3497699  50.8502678
   376  4.3484185  50.8509834
   377  4.3471485  50.8505791
   378  4.3424398  50.8541007
   379  4.3432931  50.8550259
   380  4.3590040  50.8533196
   381  4.3640931  50.8499768
   382  4.3663538  50.8499084
   383  4.3661930  50.8495884
   384  4.3665812  50.8494330
   385  4.3588296  50.8462481
   386  4.3589470  50.8460140
   387  4.3648051  50.8421768
   388  4.3647491  50.8420445
   389  4.3567327  50.8458835
   390  4.3566442  50.8459417
   391  4.3592134  50.8436775
   392  4.3589431  50.8438258
   393  4.3500585  50.8527823
   394  4.3498028  50.8527145
   395  4.3566635  50.8467550
   396  4.3562561  50.8450965
   397  4.3642025  50.8504192
   398  4.3657837  50.8531592
   399  4.3496254  50.8460432
   400  4.3515620  50.8459973
   401  4.3412667  50.8531490
   402  4.3413361  50.8531273
   403  4.3608869  50.8502925
   404  4.3605642  50.8500420
   405  4.3635548  50.8536528
   406  4.3640465  50.8535139
   407  4.3465752  50.8449602
   408  4.3542685  50.8490046
   409  4.3539872  50.8504440
   410  4.3538836  50.8415254
   411  4.3547187  50.8462812
   412  4.3551128  50.8468506
   413  4.3464270  50.8500814
   414  4.3517060  50.8412041
   415  4.3519446  50.8416091
   416  4.3541447  50.8415360
   417  4.3457842  50.8426623
   418  4.3442619  50.8417115
   419  4.3507958  50.8507692
   420  4.3489361  50.8453142
   421  4.3483303  50.8470714
   422  4.3465931  50.8454044
   423  4.3634521  50.8478298
   424  4.3629974  50.8478582
   425  4.3591843  50.8464064
   426  4.3567784  50.8515327
   427  4.3454447  50.8457369
   428  4.3396956  50.8520669
   429  4.3395922  50.8528580
   430  4.3396875  50.8533438
   431  4.3403847  50.8527924
   432  4.3565439  50.8454442
   433  4.3563443  50.8454580
   434  4.3467553  50.8435254
   435  4.3469710  50.8538385
   436  4.3459856  50.8427301
   437  4.3459797  50.8429148
   438  4.3479399  50.8444564
   439  4.3456181  50.8427516
   440  4.3444719  50.8450354
   441  4.3402323  50.8452213
   442  4.3406774  50.8446671
   443  4.3633480  50.8476285
   444  4.3564989  50.8460741
   445  4.3566837  50.8460614
   446  4.3582366  50.8438471
   447  4.3567388  50.8447054
   448  4.3567565  50.8446952
   449  4.3570234  50.8445470
   450  4.3626700  50.8522876
   451  4.3626178  50.8523787
   452  4.3635190  50.8535874
   453  4.3612180  50.8503479
   454  4.3618268  50.8510970
   455  4.3606124  50.8499642
   456  4.3609242  50.8501714
   457  4.3609528  50.8503795
   458  4.3451617  50.8541529
   459  4.3646981  50.8500481
   460  4.3662827  50.8516364
   461  4.3508599  50.8410424
   462  4.3385554  50.8447027
   463  4.3431482  50.8455527
   464  4.3405280  50.8437173
   465  4.3666280  50.8459781
   466  4.3625892  50.8468212
   467  4.3459600  50.8479796
   468  4.3458477  50.8479165
   469  4.3459252  50.8496191
   470  4.3465559  50.8499426
   471  4.3599679  50.8424322
   472  4.3598619  50.8424870
   473  4.3589485  50.8421639
   474  4.3590975  50.8420776
   475  4.3604431  50.8429445
   476  4.3514694  50.8504941
   477  4.3519872  50.8501856
   478  4.3526675  50.8496919
   479  4.3529291  50.8495394
   480  4.3622413  50.8540461
   481  4.3564948  50.8417993
   482  4.3398422  50.8429124
   483  4.3397322  50.8432294
   484  4.3381553  50.8475474
   485  4.3377246  50.8484209
   486  4.3384896  50.8501091
   487  4.3386136  50.8502478
   488  4.3414656  50.8494816
   489  4.3627743  50.8476704
   490  4.3484955  50.8470029
   491  4.3491960  50.8489881
   492  4.3523036  50.8509287
   493  4.3519129  50.8510796
   494  4.3445586  50.8470134
   495  4.3630679  50.8497428
   496  4.3631209  50.8498196
   497  4.3638270  50.8496941
   498  4.3639341  50.8496751
   499  4.3385164  50.8448030
   500  4.3635744  50.8537705
   501  4.3631182  50.8536446
   502  4.3564528  50.8449520
   503  4.3609715  50.8501971
   504  4.3432359  50.8482548
   505  4.3432887  50.8484723
   506  4.3568552  50.8458312
   507  4.3572942  50.8458735
   508  4.3564793  50.8459678
   509  4.3567206  50.8458243
   510  4.3638883  50.8495821
   511  4.3641491  50.8503134
   512  4.3639878  50.8499979
   513  4.3642561  50.8502927
   514  4.3643138  50.8503977
   515  4.3637796  50.8496025
   516  4.3628891  50.8478792
   517  4.3629566  50.8478652
   518  4.3610663  50.8429584
   519  4.3606548  50.8433546
   520  4.3624705  50.8468455
   521  4.3605423  50.8433761
   522  4.3401629  50.8444852
   523  4.3402874  50.8445292
   524  4.3629219  50.8539649
   525  4.3444271  50.8544880
   526  4.3648211  50.8413135
   527  4.3648456  50.8410934
   528  4.3643045  50.8534429
   529  4.3623178  50.8541425
   530  4.3624828  50.8539751
   531  4.3477543  50.8479261
   532  4.3499218  50.8463604
   533  4.3566462  50.8467071
   534  4.3566110  50.8465822
   535  4.3568109  50.8465667
   536  4.3568498  50.8466774
   537  4.3420994  50.8410834
   538  4.3391179  50.8504580
   539  4.3400790  50.8422539
   540  4.3409868  50.8532484
   541  4.3581307  50.8536138
   542  4.3515746  50.8512231
   543  4.3513517  50.8452123
   544  4.3537437  50.8505051
   545  4.3527554  50.8507902
   546  4.3456125  50.8444561
   547  4.3524706  50.8446859
   548  4.3520104  50.8448396
   549  4.3647383  50.8418841
   550  4.3566925  50.8524204
   551  4.3501219  50.8506077
   552  4.3581514  50.8459712
   553  4.3590980  50.8463703
   554  4.3589779  50.8463152
   555  4.3645321  50.8422341
   556  4.3591973  50.8420222
   557  4.3597422  50.8425517
   558  4.3584028  50.8461421
   559  4.3568466  50.8458881
   560  4.3569058  50.8446164
   561  4.3543093  50.8436069
   562  4.3591736  50.8424186
   563  4.3384483  50.8447330
   564  4.3515912  50.8450556
   565  4.3529703  50.8495206
   566  4.3658268  50.8532114
   567  4.3513269  50.8505504
   568  4.3531262  50.8494544
   569  4.3528849  50.8444816
   570  4.3466715  50.8483189
   571  4.3449174  50.8512234
   572  4.3626683  50.8426262
   573  4.3644042  50.8422623
   574  4.3625735  50.8426464
   575  4.3612806  50.8429140
   576  4.3395739  50.8453600
   577  4.3530021  50.8520842
   578  4.3528455  50.8521181
   579  4.3501114  50.8463310
   580  4.3432473  50.8495187
   581  4.3558887  50.8424292
   582  4.3387857  50.8500010
   583  4.3387486  50.8500651
   584  4.3499836  50.8504773
   585  4.3471917  50.8505320
